# YOLOv5 Hyperparameter Evolution Results
# Best generation: 80
# Last generation: 100
#    metrics/precision,       metrics/recall,      metrics/mAP_0.5, metrics/mAP_0.5:0.95,         val/box_loss,         val/obj_loss,         val/cls_loss
#               0.2987,               0.4303,              0.27785,             0.063447,             0.094098,             0.069382,             0.049853

lr0: 0.01162
lrf: 0.22989
momentum: 0.96647
weight_decay: 0.00032
warmup_epochs: 3.36045
warmup_momentum: 0.95
warmup_bias_lr: 0.07891
box: 0.047
cls: 0.45966
cls_pw: 0.9113
obj: 0.62391
obj_pw: 1.49026
iou_t: 0.2
anchor_t: 4.47193
fl_gamma: 0.0
hsv_h: 0.01716
hsv_s: 0.5
hsv_v: 0.41066
degrees: 0.15166
translate: 0.14451
scale: 0.34764
shear: 0.0
perspective: 0.0
flipud: 0.0
fliplr: 0.0
mosaic: 0.66069
mixup: 0.0
copy_paste: 0.0
anchors: 2.0
